NumberOfClusters,NumberOfNonSingletonClusters,R-Squared(RSQ),Semipartial R-Squared(SPRSQ),SPRSQRank,Kelley Penalty,IsKelleyGlobalMinimum,MergeDistance
1,1,0,0,,498.068,,
2,2,0.00639571,0.00639571,28,901,,0.638754
3,2,0.00840335,0.00200763,,452.949,,0.625887
4,3,0.0457531,0.0373497,4,387.987,1,0.612576
5,4,0.0724349,0.0266818,7,413.552,,0.61002
6,5,0.0815403,0.00910541,21,414.027,,0.598106
7,6,0.121009,0.0394686,3,423.952,,0.597559
8,7,0.189652,0.0686433,1,430.235,,0.580706
9,8,0.19804,0.00838803,22,432.621,,0.578502
10,9,0.231566,0.0335255,5,433.698,,0.577692
11,10,0.295409,0.0638431,2,436.645,,0.572012
12,11,0.314796,0.0193874,10,435.505,,0.570661
13,12,0.327518,0.0127218,14,435.141,,0.570061
14,13,0.330695,0.00317696,,435.384,,0.566423
15,14,0.333402,0.00270684,,427.106,,0.565095
16,15,0.337723,0.00432099,,428.017,,0.56226
17,16,0.361983,0.0242602,8,429.482,,0.558093
18,17,0.365253,0.00326954,,424.46,,0.557722
19,18,0.368604,0.00335136,,424.618,,0.556507
20,19,0.386447,0.017843,11,425.757,,0.554659
21,20,0.396966,0.0105191,18,427.958,,0.551868
22,21,0.399314,0.00234819,,428.147,,0.550757
23,22,0.401298,0.00198418,,429.689,,0.550306
24,23,0.429356,0.0280577,6,431.658,,0.550097
25,24,0.43492,0.00556379,,430.284,,0.548773
26,25,0.447751,0.0128313,13,428.902,,0.548573
27,26,0.455376,0.00762521,25,429.866,,0.5474
28,27,0.457799,0.00242286,,429.494,,0.546412
29,28,0.460341,0.00254143,,430.382,,0.545031
30,29,0.472251,0.0119107,16,431.487,,0.544789
31,30,0.475744,0.00349267,,430.995,,0.5417
32,31,0.480508,0.00476441,,427.969,,0.54124
33,32,0.487873,0.00736444,26,428.418,,0.540572
34,33,0.48955,0.00167665,,429.55,,0.537806
35,34,0.49686,0.00731053,27,430.884,,0.537205
36,35,0.516562,0.0197022,9,430.267,,0.537167
37,36,0.528977,0.0124149,15,431.632,,0.53518
38,36,0.530124,0.00114668,,421.83,,0.534674
39,37,0.531922,0.00179805,,423.119,,0.532532
40,38,0.532998,0.00107585,,419.939,,0.53185
41,39,0.538086,0.00508817,,421.627,,0.529523
42,40,0.541328,0.00324257,,421.818,,0.529158
43,41,0.545184,0.00385596,,421.312,,0.524785
44,42,0.556735,0.0115503,17,422.437,,0.523862
45,43,0.564687,0.0079525,24,422.661,,0.523448
46,44,0.578759,0.014072,12,424.024,,0.52295
47,45,0.584004,0.00524497,,423.83,,0.520465
48,46,0.586944,0.0029398,,424.544,,0.520142
49,47,0.596134,0.0091905,20,423.058,,0.519907
50,48,0.60027,0.00413512,,423.907,,0.519026
51,49,0.603941,0.00367186,,425.313,,0.518875
52,50,0.607466,0.00352477,,426.676,,0.517631
53,51,0.610927,0.0034608,,426.696,,0.517559
54,52,0.614892,0.00396479,,427.244,,0.517323
55,51,0.61524,0.000348051,,413.081,,0.5167
56,51,0.616467,0.00122667,,407.446,,0.515618
57,52,0.619145,0.00267829,,408.078,,0.515588
58,53,0.623024,0.00387963,,408.818,,0.513763
59,54,0.632554,0.0095298,19,410.367,,0.512832
60,55,0.640595,0.00804119,23,411.675,,0.512638
61,55,0.641449,0.00085375,,406.727,,0.5125
62,56,0.642899,0.00145015,,407.901,,0.51185
63,57,0.647637,0.00473756,,409.472,,0.510553
64,58,0.650392,0.00275524,,410.412,,0.510307
65,59,0.653087,0.00269529,,411.524,,0.509382
66,60,0.655574,0.00248628,,412.691,,0.50875
67,61,0.661131,0.005557,,413.991,,0.508358
68,61,0.662107,0.000975907,,409.722,,0.507119
69,62,0.665471,0.00336425,,411.203,,0.506506
70,63,0.667436,0.00196495,,411.885,,0.505823
71,64,0.67,0.00256365,,412.455,,0.505783
72,65,0.671606,0.00160643,,412.257,,0.505463
73,66,0.676548,0.0049421,,413.72,,0.505389
74,67,0.681071,0.00452304,,415.184,,0.504981
75,68,0.682677,0.00160639,,414.46,,0.504637
76,69,0.685877,0.0031994,,415.301,,0.50449
77,70,0.687431,0.00155384,,416.348,,0.504434
78,71,0.689288,0.00185749,,417.925,,0.503254
79,72,0.691019,0.00173098,,417.357,,0.50261
80,73,0.693255,0.00223543,,418.081,,0.502444
81,74,0.694382,0.0011272,,418.859,,0.501925
82,74,0.695509,0.00112691,,415.605,,0.500985
83,75,0.698353,0.0028441,,417.01,,0.500964
84,76,0.70051,0.00215726,,418.484,,0.500773
85,76,0.701204,0.000694276,,415.396,,0.500743
86,76,0.701733,0.000528431,,412.058,,0.49975
87,77,0.704921,0.0031881,,413.304,,0.49937
88,78,0.706514,0.00159325,,414.807,,0.499165
89,79,0.712272,0.00575766,,416.332,,0.499151
90,80,0.713588,0.00131668,,417.639,,0.498947
91,81,0.715058,0.0014695,,419.241,,0.498875
92,81,0.715575,0.000517399,,416.161,,0.49815
93,82,0.716746,0.00117059,,417.52,,0.498062
94,82,0.717269,0.00052305,,414.445,,0.49755
95,83,0.723338,0.0060694,29,415.912,,0.497212
96,84,0.727223,0.00388473,,416.366,,0.497021
97,84,0.728018,0.0007952,,413.748,,0.4951
98,84,0.728704,0.000685452,,411.134,,0.494475
99,85,0.734478,0.00577465,30,411.812,,0.492854
100,86,0.738325,0.00384641,,413.158,,0.492695
101,86,0.738823,0.000497674,,410.623,,0.4923
102,87,0.742819,0.00399693,,411.799,,0.492062
103,88,0.744115,0.00129504,,411.446,,0.491853
104,89,0.749038,0.00492344,,412.708,,0.49131
105,90,0.750493,0.00145544,,414.041,,0.491185
106,90,0.75145,0.000956649,,411.991,,0.491081
107,91,0.752868,0.0014183,,413.421,,0.491019
108,92,0.75397,0.00110157,,411.883,,0.489343
109,93,0.754705,0.000735334,,413.509,,0.4892
110,93,0.755182,0.00047687,,411.472,,0.4892
111,94,0.756869,0.00168648,,412.892,,0.488952
112,95,0.758122,0.00125321,,414.502,,0.488518
113,96,0.759252,0.00113036,,416.212,,0.488307
114,97,0.760615,0.00136237,,417.46,,0.488168
115,98,0.761741,0.00112681,,418.868,,0.488135
116,99,0.762757,0.0010159,,420.333,,0.48728
117,100,0.764731,0.00197419,,421.785,,0.486898
118,101,0.766138,0.00140657,,422.757,,0.485915
119,102,0.766982,0.00084374,,423.971,,0.4854
120,103,0.767975,0.000993042,,422.783,,0.485275
121,104,0.770159,0.00218418,,424.078,,0.485247
122,105,0.770991,0.000832019,,425.383,,0.484333
123,106,0.773635,0.00264442,,426.603,,0.483811
124,105,0.7739,0.000264654,,421.752,,0.4825
125,106,0.77578,0.00188,,422.802,,0.481541
126,107,0.777164,0.00138375,,423.269,,0.480469
127,108,0.77957,0.00240638,,424.68,,0.480359
128,109,0.781119,0.00154875,,425.533,,0.480133
129,110,0.782079,0.000960441,,426.188,,0.479875
130,110,0.782732,0.000652834,,424.746,,0.47985
131,110,0.783381,0.000648875,,423.348,,0.47835
132,111,0.784743,0.00136152,,424.621,,0.47814
133,112,0.785609,0.000866783,,426.082,,0.478038
134,113,0.786817,0.00120738,,426.285,,0.477575
135,114,0.787878,0.00106078,,427.232,,0.476789
136,115,0.789085,0.00120756,,428.598,,0.476737
137,116,0.790522,0.00143724,,429.485,,0.47546
138,117,0.791321,0.000798141,,430.659,,0.475317
139,118,0.792333,0.0010121,,432.201,,0.475044
140,119,0.793161,0.000828027,,432.891,,0.474167
141,120,0.794235,0.00107423,,433.835,,0.474108
142,121,0.795817,0.00158217,,435.227,,0.473596
143,122,0.796931,0.00111418,,436.544,,0.4733
144,123,0.799763,0.0028318,,437.844,,0.472711
145,124,0.800573,0.000810332,,439.174,,0.47265
146,125,0.801353,0.000779356,,440.782,,0.47242
147,126,0.802669,0.00131615,,442.222,,0.472278
148,127,0.803637,0.000968356,,443.437,,0.472189
149,128,0.804759,0.00112164,,444.668,,0.471425
150,129,0.809499,0.00473988,,445.952,,0.471423
151,129,0.809987,0.000488506,,444.863,,0.4712
152,129,0.8104,0.000412991,,443.709,,0.47085
153,130,0.812498,0.00209801,,444.713,,0.470703
154,131,0.813515,0.0010169,,446.129,,0.470444
155,131,0.813939,0.000423396,,444.708,,0.47
156,132,0.814731,0.000792297,,445.364,,0.469033
157,133,0.815364,0.00063281,,445.653,,0.4686
158,134,0.815996,0.000632736,,446.908,,0.468575
159,135,0.818068,0.00207147,,448.063,,0.467878
160,136,0.820289,0.00222079,,448.958,,0.46629
161,137,0.822078,0.00178979,,450.185,,0.466263
162,137,0.822487,0.00040821,,449.084,,0.4662
163,138,0.823795,0.00130789,,450.231,,0.465675
164,139,0.82454,0.000745295,,451.562,,0.4654
165,140,0.825913,0.00137286,,452.97,,0.464869
166,141,0.830049,0.00413622,,453.805,,0.463562
167,142,0.833242,0.00319334,,454.997,,0.463261
168,142,0.83373,0.000488213,,454.178,,0.46325
169,143,0.834619,0.000888476,,455.323,,0.463111
170,144,0.835379,0.000759722,,455.401,,0.462838
171,145,0.836325,0.000946632,,456.295,,0.462778
172,146,0.837142,0.000816987,,457.291,,0.462425
173,147,0.837931,0.00078845,,458.656,,0.46235
174,148,0.838955,0.00102449,,460.027,,0.462308
175,149,0.84008,0.00112459,,461.364,,0.461386
176,149,0.840458,0.000377833,,460.568,,0.4612
177,150,0.841672,0.00121448,,461.448,,0.460945
178,151,0.843002,0.00133007,,462.199,,0.460487
179,152,0.844246,0.0012434,,463.48,,0.460105
180,151,0.844464,0.000218255,,460.676,,0.4598
181,152,0.846289,0.00182523,,461.732,,0.45967
182,153,0.84703,0.000740445,,462.85,,0.459667
183,153,0.847491,0.000461231,,462.193,,0.459533
184,153,0.847877,0.000386492,,461.433,,0.45945
185,154,0.848785,0.000907801,,461.919,,0.459133
186,155,0.849363,0.000577763,,462.649,,0.4589
187,156,0.849927,0.000564527,,462.827,,0.45885
188,156,0.850583,0.000655637,,462.213,,0.457671
189,155,0.850795,0.000212243,,459.66,,0.4566
190,155,0.851306,0.000510549,,459.132,,0.4565
191,156,0.852771,0.00146498,,460.41,,0.45605
192,157,0.854936,0.0021651,,461.325,,0.455673
193,157,0.855476,0.000540126,,460.861,,0.454988
194,158,0.856497,0.00102136,,461.894,,0.45484
195,159,0.857297,0.000799823,,462.813,,0.454562
196,160,0.858382,0.00108535,,464.077,,0.454412
197,161,0.859946,0.00156315,,464.93,,0.45437
198,160,0.860153,0.000207449,,462.584,,0.454
199,159,0.86036,0.000206902,,460.272,,0.4537
200,160,0.86116,0.000800462,,461.478,,0.45341
201,161,0.86259,0.00142961,,462.684,,0.453186
202,161,0.863068,0.000478355,,462.255,,0.45305
203,161,0.863546,0.000477891,,461.87,,0.45288
204,161,0.864054,0.000507609,,461.517,,0.452729
205,162,0.86732,0.00326605,,462.698,,0.452524
206,163,0.868732,0.00141236,,463.743,,0.452393
207,163,0.869161,0.00042895,,463.342,,0.4517
208,164,0.870282,0.00112103,,464.737,,0.451311
209,164,0.870628,0.000346054,,464.397,,0.45085
210,165,0.871356,0.000727568,,465.457,,0.450763
211,165,0.872013,0.000657484,,465.173,,0.450567
212,164,0.872214,0.000200235,,463.13,,0.45
213,163,0.872413,0.000199701,,461.117,,0.4497
214,162,0.872612,0.000198637,,459.135,,0.4491
215,162,0.872964,0.000351925,,458.287,,0.44855
216,163,0.873572,0.000607709,,459.55,,0.44805
217,164,0.874266,0.000694148,,460.75,,0.44795
218,165,0.874986,0.000720627,,462.123,,0.44777
219,166,0.877731,0.00274491,,462.816,,0.447094
220,166,0.878185,0.000453695,,462.505,,0.446875
221,167,0.87864,0.000455071,,462.347,,0.44625
222,167,0.879211,0.000570622,,462.191,,0.446244
223,168,0.87997,0.000759449,,463.534,,0.445433
224,169,0.881294,0.00132348,,464.899,,0.445224
225,169,0.881629,0.000335307,,464.508,,0.4452
226,170,0.882223,0.000594308,,465.875,,0.44445
227,170,0.882548,0.000324483,,465.74,,0.44405
228,170,0.883059,0.000510934,,465.657,,0.444017
229,170,0.883385,0.000326529,,465.444,,0.44395
230,169,0.883575,0.000189425,,463.741,,0.4438
231,169,0.883974,0.000399638,,463.598,,0.442867
232,169,0.884295,0.000321021,,463.49,,0.44275
233,168,0.884482,0.000186371,,461.85,,0.442
234,168,0.884808,0.000326212,,461.75,,0.44175
235,169,0.885557,0.000749312,,462.893,,0.441525
236,168,0.885743,0.000185361,,461.304,,0.4414
237,168,0.886416,0.000673759,,461.277,,0.4412
238,168,0.88694,0.000523864,,461.219,,0.441
239,169,0.890165,0.00322438,,462.352,,0.440609
240,168,0.890349,0.000184021,,460.828,,0.4406
241,167,0.890532,0.000183687,,459.327,,0.4404
242,168,0.891322,0.000789709,,460.32,,0.440375
243,169,0.891896,0.000574238,,461.715,,0.43935
244,169,0.892423,0.000527265,,461.598,,0.43906
245,169,0.892804,0.000380379,,461.636,,0.438733
246,170,0.893363,0.000559614,,461.96,,0.438317
247,170,0.893806,0.000442115,,461.944,,0.438125
248,170,0.89423,0.000424167,,462.048,,0.438025
249,170,0.894583,0.000353387,,462.113,,0.437833
250,170,0.894895,0.000312242,,462.111,,0.4377
251,171,0.895652,0.000756149,,463.27,,0.436708
252,171,0.89602,0.000368012,,463.305,,0.4367
253,170,0.896197,0.000177104,,461.974,,0.4364
254,171,0.897289,0.00109211,,463.153,,0.436376
255,172,0.898661,0.00137216,,464.544,,0.436167
256,173,0.899556,0.000894802,,465.82,,0.436025
257,174,0.900164,0.000608452,,466.851,,0.435938
258,175,0.900713,0.000548848,,468.262,,0.435933
259,176,0.901534,0.000821242,,469.57,,0.435835
260,177,0.901997,0.000462694,,470.241,,0.4356
261,177,0.902294,0.000297521,,470.401,,0.4355
262,178,0.903145,0.000851029,,471.647,,0.43532
263,178,0.903447,0.00030165,,471.77,,0.43515
264,177,0.903622,0.000174521,,470.551,,0.4348
265,177,0.903988,0.000366362,,470.549,,0.434633
266,178,0.90447,0.000482013,,471.798,,0.433875
267,179,0.905178,0.000708175,,473.063,,0.43335
268,179,0.905481,0.000302637,,473.175,,0.43335
269,179,0.905904,0.000422809,,473.377,,0.433229
270,180,0.906417,0.000513549,,474.106,,0.432517
271,181,0.906875,0.000457796,,474.994,,0.43205
272,182,0.907422,0.000547045,,476.215,,0.43195
273,182,0.907766,0.000343576,,476.347,,0.4318
274,181,0.907935,0.000169283,,475.239,,0.4315
275,181,0.908228,0.000292643,,475.415,,0.4312
276,181,0.908518,0.000290444,,475.61,,0.4302
277,181,0.908931,0.000412696,,475.532,,0.429733
278,181,0.909236,0.000305118,,475.655,,0.4287
279,182,0.910718,0.0014824,,476.793,,0.428562
280,183,0.913022,0.00230421,,477.918,,0.428558
281,184,0.914302,0.00127986,,479.001,,0.428364
282,185,0.914919,0.000617054,,480.308,,0.428225
283,186,0.915655,0.00073574,,481.566,,0.427963
284,185,0.915819,0.000163551,,480.561,,0.4278
285,185,0.916217,0.000398295,,480.589,,0.4277
286,185,0.916502,0.00028479,,480.687,,0.4272
287,186,0.916944,0.000442167,,482.036,,0.4266
288,186,0.917547,0.000603255,,482.306,,0.426531
289,186,0.918217,0.000669638,,482.613,,0.426366
290,186,0.918502,0.00028498,,482.804,,0.42625
291,185,0.91866,0.000158413,,481.878,,0.4244
292,185,0.918971,0.000311357,,482.06,,0.4242
293,186,0.920271,0.00129922,,483.328,,0.424047
294,186,0.920538,0.000267533,,483.64,,0.424
295,187,0.921072,0.000534233,,484.918,,0.423717
296,188,0.92227,0.00119797,,485.854,,0.423707
297,189,0.923258,0.000987653,,486.854,,0.423521
298,188,0.923415,0.000156629,,485.986,,0.4232
299,187,0.923571,0.000156185,,485.132,,0.4229
300,187,0.923833,0.000261898,,485.48,,0.42245
301,187,0.924111,0.000277798,,485.752,,0.42235
302,187,0.924517,0.000406437,,486.077,,0.422333
303,187,0.924789,0.000272274,,486.221,,0.42215
304,186,0.924944,0.000154566,,485.416,,0.4218
305,186,0.925212,0.000267794,,485.753,,0.42175
306,186,0.925726,0.000514342,,486.041,,0.421733
307,185,0.92588,0.000153543,,485.266,,0.4211
308,185,0.926237,0.000357101,,485.48,,0.420967
309,185,0.92665,0.000413432,,485.858,,0.4208
310,184,0.926803,0.000152815,,485.112,,0.4206
311,184,0.927126,0.000322766,,485.46,,0.420333
312,185,0.927781,0.000655302,,486.562,,0.419933
313,186,0.928388,0.000607103,,487.95,,0.41988
314,185,0.928539,0.000151367,,487.235,,0.4196
315,186,0.929115,0.000575755,,488.464,,0.41933
316,186,0.929374,0.000259072,,488.796,,0.41895
317,187,0.929783,0.000409019,,490.246,,0.41885
318,187,0.930053,0.000269737,,490.573,,0.418
319,187,0.930357,0.000303738,,490.937,,0.417767
320,188,0.931059,0.000702517,,492.376,,0.417585
321,187,0.931208,0.000148359,,491.713,,0.4175
322,186,0.931356,0.000147933,,491.061,,0.4172
323,187,0.931839,0.000483303,,492.339,,0.417117
324,187,0.932151,0.000312072,,492.766,,0.416825
325,187,0.932412,0.000260674,,492.922,,0.41595
326,186,0.932557,0.000145817,,492.303,,0.4157
327,186,0.932803,0.00024599,,492.743,,0.4151
328,187,0.933367,0.000563094,,494.194,,0.41505
329,187,0.933734,0.000367059,,494.535,,0.414967
330,188,0.934709,0.00097518,,495.578,,0.414954
331,187,0.934853,0.000144559,,494.993,,0.4148
332,188,0.935397,0.000543729,,495.649,,0.414725
333,188,0.935657,0.000259942,,496.081,,0.4147
334,187,0.935801,0.000144002,,495.519,,0.4144
335,187,0.936055,0.000254433,,495.847,,0.41435
336,187,0.936299,0.000243447,,496.336,,0.414
337,186,0.936442,0.000143308,,495.797,,0.4139
338,185,0.936585,0.00014317,,495.267,,0.4138
339,185,0.936832,0.000246887,,495.683,,0.4137
340,186,0.937527,0.000695152,,497.02,,0.413428
341,185,0.93767,0.000142617,,496.51,,0.4134
342,186,0.938238,0.000568265,,497.695,,0.413056
343,185,0.93838,0.000142066,,497.199,,0.413
344,185,0.938624,0.000243583,,497.711,,0.41295
345,185,0.938949,0.000325261,,498.134,,0.412733
346,185,0.939233,0.000283326,,498.566,,0.412733
347,185,0.939514,0.000281755,,499.063,,0.412667
348,186,0.940127,0.000612267,,500.449,,0.412258
349,186,0.940402,0.000275354,,500.901,,0.412133
350,186,0.940657,0.000254727,,501.39,,0.4116
351,187,0.941308,0.000651138,,502.612,,0.4116
352,188,0.942276,0.000968537,,503.602,,0.411048
353,187,0.942416,0.000139334,,503.165,,0.411
354,186,0.942555,0.000139198,,502.737,,0.4109
355,186,0.942798,0.000242984,,503.117,,0.41045
356,186,0.943189,0.000390954,,503.497,,0.409275
357,186,0.943428,0.000239156,,503.895,,0.4088
358,185,0.943564,0.000136241,,503.497,,0.4087
359,185,0.943889,0.000324835,,503.878,,0.408067
360,186,0.944413,0.000523904,,505.22,,0.40795
361,185,0.944548,0.000134648,,504.841,,0.4075
362,186,0.945181,0.00063315,,505.978,,0.407
363,187,0.945626,0.000445066,,507.277,,0.406783
364,187,0.945861,0.000235629,,507.51,,0.406
365,186,0.945993,0.000131764,,507.156,,0.4053
366,185,0.946124,0.000131244,,506.811,,0.4049
367,185,0.946355,0.000230964,,507.063,,0.40405
368,185,0.946573,0.000217982,,507.673,,0.404
369,185,0.946802,0.000228828,,507.915,,0.40275
370,184,0.946931,0.000128415,,507.598,,0.4027
371,185,0.947303,0.000372247,,508.766,,0.402675
372,185,0.947527,0.000223682,,509.317,,0.40215
373,185,0.94775,0.000223737,,509.768,,0.40195
374,184,0.947877,0.000127018,,509.473,,0.4016
375,184,0.948269,0.000391953,,510.021,,0.4015
376,184,0.948517,0.000247924,,510.533,,0.40145
377,183,0.948644,0.000126765,,510.255,,0.4014
378,183,0.948865,0.000221495,,510.834,,0.40125
379,183,0.949082,0.000216428,,511.434,,0.40105
380,182,0.949207,0.000125506,,511.174,,0.4004
381,181,0.94933,0.000123017,,510.925,,0.3984
382,180,0.949453,0.000123017,,510.683,,0.3984
383,180,0.949672,0.000218615,,511.155,,0.39835
384,181,0.950099,0.000426628,,512.601,,0.398337
385,180,0.950222,0.000122894,,512.372,,0.3983
386,180,0.95043,0.000208031,,513.008,,0.39795
387,179,0.950551,0.000121909,,512.791,,0.3975
388,180,0.951368,0.000816596,,514.121,,0.397277
389,180,0.951579,0.000211054,,514.697,,0.39685
390,180,0.951879,0.000299942,,515.267,,0.396725
391,179,0.952,0.000120687,,515.07,,0.3965
392,178,0.95212,0.000120566,,514.879,,0.3964
393,179,0.952627,0.000506944,,516.256,,0.396012
394,178,0.952747,0.000119958,,516.074,,0.3959
395,177,0.952866,0.000119112,,515.9,,0.3952
396,178,0.953183,0.000316719,,517.258,,0.395075
397,179,0.953648,0.000464825,,518.146,,0.3949
398,178,0.953766,0.000118391,,517.985,,0.3946
399,179,0.95468,0.000913539,,519.173,,0.39451
400,178,0.954798,0.000118271,,519.02,,0.3945
401,177,0.954916,0.000117911,,518.873,,0.3942
402,178,0.95524,0.000323846,,520.251,,0.3938
403,178,0.955648,0.000408552,,520.925,,0.393731
404,178,0.955909,0.000260733,,521.433,,0.393467
405,177,0.956025,0.000116009,,521.305,,0.3926
406,178,0.956645,0.000619747,,522.643,,0.392395
407,177,0.95676,0.000115419,,522.523,,0.3921
408,176,0.956875,0.000114949,,522.41,,0.3917
409,176,0.957084,0.000208961,,522.961,,0.3915
410,176,0.95749,0.000406306,,523.611,,0.3912
411,175,0.957605,0.000114012,,523.512,,0.3909
412,175,0.957904,0.000299953,,524.205,,0.389957
413,176,0.959428,0.00152383,,525.528,,0.389601
414,176,0.95969,0.000261291,,526.173,,0.3894
415,176,0.959994,0.000304849,,526.841,,0.38922
416,176,0.960185,0.000190429,,527.527,,0.38915
417,175,0.960296,0.000110895,,527.455,,0.3882
418,174,0.960406,0.000110666,,527.388,,0.388
419,175,0.960907,0.000500791,,528.724,,0.38764
420,174,0.961017,0.000109983,,528.666,,0.3874
421,173,0.961127,0.000109643,,528.613,,0.3871
422,172,0.961236,0.000109417,,528.565,,0.3869
423,172,0.961452,0.000215576,,529.208,,0.386633
424,171,0.961561,0.00010874,,529.17,,0.3863
425,172,0.961888,0.000327581,,529.946,,0.386233
426,171,0.961996,0.000107506,,529.918,,0.3852
427,170,0.962103,0.000107172,,529.896,,0.3849
428,169,0.96221,0.000106838,,529.879,,0.3846
429,168,0.962317,0.000106838,,529.866,,0.3846
430,168,0.962505,0.000188717,,530.481,,0.38435
431,168,0.96274,0.000235244,,531.201,,0.384025
432,167,0.962846,0.000105401,,531.202,,0.3833
433,167,0.963031,0.000184707,,531.886,,0.3832
434,167,0.963292,0.000261733,,532.62,,0.3827
435,167,0.963488,0.000195749,,533.159,,0.3817
436,167,0.963672,0.000183497,,533.628,,0.3813
437,168,0.964008,0.000336768,,534.988,,0.380367
438,167,0.96411,0.00010214,,535.014,,0.3803
439,168,0.964784,0.000673562,,536.404,,0.380189
440,168,0.964995,0.000210752,,537.167,,0.380125
441,167,0.965096,0.000101283,,537.203,,0.3795
442,166,0.965197,0.000101176,,537.244,,0.3794
443,167,0.965512,0.000314771,,538.408,,0.3792
444,168,0.966184,0.000671956,,539.28,,0.378903
445,167,0.966285,0.000100644,,539.33,,0.3789
446,166,0.966384,9.97966e-05,,539.386,,0.3781
447,165,0.966484,9.93749e-05,,539.447,,0.3777
448,165,0.966659,0.000175594,,540.086,,0.3776
449,165,0.966902,0.000243041,,540.71,,0.377067
450,166,0.967967,0.00106467,,541.741,,0.376485
451,166,0.968136,0.000168462,,542.496,,0.37645
452,166,0.968334,0.000198659,,543.239,,0.375133
453,166,0.968574,0.000240054,,543.866,,0.375133
454,167,0.969166,0.000591659,,544.955,,0.375
455,166,0.969262,9.62551e-05,,545.043,,0.3747
456,165,0.969358,9.61524e-05,,545.136,,0.3746
457,166,0.969686,0.000327177,,546.513,,0.374533
458,165,0.969781,9.52317e-05,,546.613,,0.3737
459,165,0.970009,0.000228667,,547.353,,0.373375
460,164,0.970104,9.45201e-05,,547.46,,0.373
461,163,0.970198,9.44188e-05,,547.572,,0.3729
462,162,0.970292,9.41154e-05,,547.688,,0.3726
463,161,0.970386,9.32093e-05,,547.809,,0.3717
464,161,0.970558,0.00017229,,548.572,,0.37165
465,160,0.970649,9.15158e-05,,548.703,,0.37
466,160,0.970829,0.000179732,,549.504,,0.3699
467,159,0.97092,9.12193e-05,,549.642,,0.3697
468,159,0.971124,0.00020308,,550.373,,0.3697
469,159,0.971343,0.000219732,,551.151,,0.36954
470,159,0.971504,0.000161062,,551.748,,0.3692
471,159,0.971667,0.000162666,,552.316,,0.369
472,159,0.971828,0.000161308,,553.048,,0.36875
473,159,0.971992,0.000163712,,553.67,,0.36805
474,158,0.972081,8.94557e-05,,553.83,,0.3679
475,158,0.972287,0.000205951,,554.583,,0.367833
476,157,0.972376,8.90673e-05,,554.749,,0.3675
477,156,0.972465,8.89704e-05,,554.919,,0.3674
478,157,0.972867,0.000401167,,556.327,,0.367376
479,158,0.974216,0.00134942,,557.51,,0.367105
480,158,0.974426,0.000209841,,558.321,,0.36675
481,159,0.974802,0.00037597,,559.684,,0.36629
482,160,0.975424,0.000622218,,560.885,,0.365883
483,159,0.97551,8.55342e-05,,561.071,,0.3638
484,160,0.975945,0.000435027,,562.034,,0.363633
485,159,0.97603,8.53463e-05,,562.225,,0.3636
486,158,0.976115,8.51586e-05,,562.42,,0.3634
487,158,0.976259,0.000143933,,563.237,,0.36315
488,157,0.976343,8.44112e-05,,563.439,,0.3626
489,156,0.976428,8.42251e-05,,563.644,,0.3624
490,155,0.976512,8.40394e-05,,563.854,,0.3622
491,156,0.976752,0.000239872,,565.122,,0.361525
492,156,0.976963,0.000211858,,565.9,,0.360925
493,156,0.977178,0.000214753,,566.67,,0.3607
494,156,0.977318,0.000139764,,567.478,,0.35985
495,156,0.977453,0.000135324,,568.296,,0.35725
496,156,0.9776,0.000146401,,568.942,,0.357
497,155,0.977679,7.93162e-05,,569.175,,0.357
498,154,0.977757,7.80793e-05,,569.414,,0.3556
499,155,0.978049,0.000291717,,570.674,,0.355433
500,154,0.978126,7.76411e-05,,570.917,,0.3551
501,153,0.978204,7.75537e-05,,571.164,,0.355
502,152,0.978282,7.75537e-05,,571.413,,0.355
503,153,0.978626,0.000344166,,572.702,,0.35452
504,154,0.979561,0.000935352,,573.903,,0.354314
505,154,0.979751,0.000189717,,574.74,,0.353271
506,154,0.979914,0.000163182,,575.484,,0.3527
507,153,0.97999,7.55633e-05,,575.746,,0.3527
508,153,0.98015,0.000160808,,576.563,,0.3526
509,153,0.980283,0.00013229,,577.194,,0.3515
510,153,0.980413,0.000130077,,577.96,,0.35145
511,152,0.980487,7.43706e-05,,578.233,,0.3513
512,151,0.980561,7.42015e-05,,578.51,,0.3511
513,151,0.980699,0.000137535,,579.2,,0.35075
514,150,0.980772,7.34435e-05,,579.483,,0.3502
515,149,0.980845,7.31085e-05,,579.769,,0.3498
516,149,0.981093,0.000247195,,580.589,,0.348071
517,148,0.981164,7.16153e-05,,580.883,,0.348
518,147,0.981235,7.12866e-05,,581.18,,0.3476
519,148,0.981521,0.000285714,,582.415,,0.347511
520,147,0.981592,7.03885e-05,,582.718,,0.3465
521,147,0.981712,0.000120695,,583.518,,0.3449
522,148,0.981897,0.000184597,,584.722,,0.3445
523,147,0.981966,6.87774e-05,,585.034,,0.3445
524,146,0.982034,6.87774e-05,,585.348,,0.3445
525,147,0.98226,0.000225809,,586.462,,0.344417
526,146,0.982329,6.8379e-05,,586.781,,0.344
527,146,0.982515,0.000186196,,587.568,,0.3435
528,146,0.982723,0.000208591,,588.422,,0.343483
529,145,0.982791,6.77451e-05,,588.747,,0.3432
530,144,0.982858,6.73512e-05,,589.076,,0.3427
531,143,0.982925,6.67245e-05,,589.409,,0.3419
532,143,0.983043,0.000118036,,590.13,,0.3411
533,142,0.983109,6.57926e-05,,590.469,,0.3407
534,143,0.98341,0.00030058,,591.824,,0.340193
535,144,0.983688,0.000278715,,593.02,,0.33999
536,145,0.98402,0.000332112,,594.235,,0.339571
537,144,0.984085,6.45654e-05,,594.581,,0.3391
538,143,0.984149,6.43373e-05,,594.931,,0.3388
539,144,0.984407,0.000257646,,596.021,,0.33855
540,143,0.984471,6.39583e-05,,596.374,,0.3383
541,143,0.984642,0.000171048,,597.207,,0.336675
542,142,0.984704,6.21626e-05,,597.569,,0.3359
543,143,0.985196,0.000491915,,598.652,,0.335788
544,144,0.98551,0.000314379,,599.939,,0.33522
545,144,0.985619,0.000108762,,600.675,,0.33485
546,144,0.985823,0.000204066,,601.481,,0.33372
547,144,0.986074,0.000250734,,602.366,,0.333567
548,143,0.986134,5.97555e-05,,602.741,,0.3326
549,143,0.986304,0.000169929,,603.562,,0.330375
550,143,0.986404,0.000100114,,604.42,,0.33035
551,144,0.987336,0.00093265,,605.541,,0.329497
552,144,0.987442,0.000105089,,606.307,,0.32875
553,143,0.987498,5.69324e-05,,606.696,,0.3286
554,144,0.987909,0.000410303,,607.904,,0.328508
555,143,0.987965,5.66556e-05,,608.296,,0.3282
556,142,0.988022,5.66556e-05,,608.691,,0.3282
557,141,0.988079,5.65177e-05,,609.088,,0.328
558,140,0.988134,5.58316e-05,,609.489,,0.327
559,139,0.98819,5.57633e-05,,609.892,,0.3269
560,138,0.988245,5.50841e-05,,610.299,,0.3259
561,137,0.9883,5.46124e-05,,610.709,,0.3252
562,137,0.988421,0.000121452,,611.544,,0.324367
563,137,0.988547,0.00012556,,612.388,,0.324333
564,137,0.988687,0.000140012,,613.086,,0.323633
565,136,0.98874,5.34793e-05,,613.505,,0.3235
566,137,0.989123,0.000382407,,614.652,,0.3231
567,138,0.98933,0.000207005,,615.881,,0.3222
568,137,0.989382,5.25596e-05,,616.306,,0.3221
569,137,0.989571,0.000188596,,617.156,,0.321983
570,137,0.989667,9.61341e-05,,617.927,,0.32155
571,136,0.989719,5.16517e-05,,618.358,,0.3207
572,136,0.98981,9.08118e-05,,619.152,,0.32035
573,137,0.990146,0.000336836,,620.445,,0.320196
574,136,0.990197,5.10105e-05,,620.882,,0.3197
575,135,0.990248,5.05652e-05,,621.321,,0.319
576,135,0.990337,8.93999e-05,,621.995,,0.31855
577,134,0.990388,5.01859e-05,,622.439,,0.3184
578,134,0.990515,0.000127408,,623.329,,0.31796
579,134,0.990604,8.88279e-05,,624.124,,0.3175
580,133,0.990653,4.93712e-05,,624.575,,0.3171
581,133,0.990739,8.62042e-05,,625.411,,0.3169
582,132,0.990788,4.89986e-05,,625.866,,0.3165
583,131,0.990837,4.87514e-05,,626.323,,0.3161
584,131,0.991023,0.000186286,,627.231,,0.314507
585,131,0.991132,0.00010839,,628.13,,0.3145
586,130,0.991179,4.74083e-05,,628.595,,0.3139
587,130,0.991307,0.000128157,,629.513,,0.3123
588,129,0.991354,4.63302e-05,,629.982,,0.3121
589,129,0.991434,7.99855e-05,,630.627,,0.3098
590,130,0.991586,0.000152047,,631.836,,0.309217
591,130,0.991662,7.61361e-05,,632.732,,0.30615
592,130,0.991737,7.52368e-05,,633.566,,0.3061
593,131,0.992133,0.00039567,,634.765,,0.304676
594,130,0.992175,4.18694e-05,,635.253,,0.3043
595,129,0.992216,4.13218e-05,,635.744,,0.3033
596,129,0.992375,0.000159032,,636.657,,0.3032
597,129,0.99245,7.51049e-05,,637.523,,0.3031
598,129,0.992533,8.28257e-05,,638.39,,0.30205
599,129,0.992605,7.18529e-05,,639.109,,0.3011
600,130,0.992798,0.0001929,,640.379,,0.300683
601,130,0.992897,9.89498e-05,,641.267,,0.2988
602,129,0.992935,3.81477e-05,,641.774,,0.2973
603,128,0.992973,3.80452e-05,,642.284,,0.2971
604,129,0.993149,0.000176225,,643.525,,0.295967
605,128,0.993186,3.71819e-05,,644.039,,0.2954
606,128,0.993251,6.46757e-05,,644.779,,0.2932
607,128,0.993311,6.04298e-05,,645.708,,0.293
608,127,0.993347,3.56943e-05,,646.23,,0.2924
609,128,0.993493,0.000146282,,647.274,,0.29175
610,129,0.993643,0.000149575,,648.504,,0.2917
611,128,0.993678,3.52085e-05,,649.03,,0.2914
612,127,0.993713,3.51119e-05,,649.557,,0.2912
613,128,0.993884,0.000170786,,650.681,,0.291092
614,128,0.993989,0.000105188,,651.572,,0.2891
615,127,0.994023,3.411e-05,,652.105,,0.2891
616,127,0.994084,6.04375e-05,,652.813,,0.2888
617,126,0.994117,3.36405e-05,,653.351,,0.2881
618,127,0.994321,0.00020392,,654.577,,0.287119
619,126,0.994354,3.26703e-05,,655.119,,0.286
620,125,0.994386,3.2397e-05,,655.664,,0.2854
621,126,0.994478,9.19269e-05,,656.758,,0.285275
622,127,0.994622,0.000143717,,657.877,,0.2847
623,126,0.994654,3.19903e-05,,658.426,,0.2845
624,125,0.994686,3.18107e-05,,658.976,,0.2841
625,126,0.994778,9.17069e-05,,660.196,,0.284025
626,126,0.994849,7.10957e-05,,661.105,,0.2829
627,126,0.994906,5.71821e-05,,661.998,,0.28185
628,126,0.99496,5.39401e-05,,662.86,,0.28105
629,126,0.995049,8.90691e-05,,663.784,,0.280543
630,125,0.995079,3.01427e-05,,664.345,,0.2803
631,126,0.995264,0.000185436,,665.535,,0.279856
632,125,0.995294,2.99281e-05,,666.099,,0.2798
633,125,0.995346,5.18475e-05,,667.016,,0.2797
634,125,0.995406,6.00475e-05,,667.945,,0.278633
635,125,0.995526,0.00011967,,668.867,,0.278591
636,124,0.995554,2.86237e-05,,669.438,,0.2767
637,124,0.995604,4.91769e-05,,670.321,,0.2756
638,124,0.995726,0.000121968,,671.253,,0.275508
639,124,0.995819,9.33866e-05,,672.157,,0.27492
640,123,0.995846,2.68066e-05,,672.738,,0.2722
641,122,0.995873,2.68066e-05,,673.321,,0.2722
642,121,0.995899,2.61818e-05,,673.907,,0.2706
643,120,0.995925,2.61818e-05,,674.495,,0.2706
644,119,0.995951,2.61432e-05,,675.084,,0.2705
645,118,0.995977,2.61432e-05,,675.674,,0.2705
646,117,0.996003,2.59504e-05,,676.266,,0.27
647,116,0.996029,2.5912e-05,,676.86,,0.2699
648,117,0.996158,0.000129243,,677.905,,0.267933
649,117,0.996244,8.53184e-05,,678.837,,0.2673
650,117,0.996287,4.35746e-05,,679.688,,0.2663
651,117,0.996332,4.42297e-05,,680.548,,0.26475
652,117,0.99639,5.85761e-05,,681.417,,0.264
653,117,0.996437,4.64265e-05,,682.348,,0.263767
654,117,0.996489,5.20705e-05,,683.241,,0.26285
655,118,0.996551,6.22091e-05,,684.354,,0.2625
656,117,0.996574,2.28686e-05,,684.966,,0.2616
657,117,0.996643,6.9655e-05,,685.863,,0.261533
658,118,0.996743,9.96129e-05,,687.061,,0.2603
659,118,0.996781,3.79287e-05,,687.999,,0.25895
660,118,0.996827,4.58339e-05,,688.927,,0.2589
661,118,0.996866,3.89222e-05,,689.778,,0.25885
662,118,0.996904,3.86485e-05,,690.649,,0.25875
663,119,0.997086,0.000181358,,691.746,,0.257741
664,118,0.997107,2.10709e-05,,692.37,,0.2563
665,117,0.997128,2.0907e-05,,692.996,,0.2558
666,116,0.997148,2.03888e-05,,693.625,,0.2542
667,115,0.997168,2.01333e-05,,694.257,,0.2534
668,115,0.99723,6.1397e-05,,695.188,,0.253117
669,115,0.997264,3.44607e-05,,696.074,,0.2517
670,115,0.997297,3.33558e-05,,697.009,,0.2513
671,115,0.997332,3.51318e-05,,697.934,,0.2502
672,116,0.997404,7.16858e-05,,699.069,,0.25
673,116,0.997438,3.37966e-05,,699.987,,0.2497
674,115,0.997457,1.85907e-05,,700.63,,0.2484
675,115,0.997489,3.29258e-05,,701.497,,0.24735
676,116,0.997612,0.000122628,,702.705,,0.247094
677,115,0.99763,1.80284e-05,,703.352,,0.2465
678,115,0.99767,3.99976e-05,,704.28,,0.245367
679,115,0.997701,3.04156e-05,,705.207,,0.24485
680,115,0.997731,3.01383e-05,,706.132,,0.24415
681,116,0.997815,8.44456e-05,,707.269,,0.243638
682,116,0.997868,5.2799e-05,,708.185,,0.2432
683,116,0.997898,3.00397e-05,,709.072,,0.2431
684,116,0.997928,3.00188e-05,,709.972,,0.2426
685,116,0.997966,3.84391e-05,,710.874,,0.241067
686,115,0.997983,1.63361e-05,,711.534,,0.2405
687,115,0.998012,2.89499e-05,,712.42,,0.2404
688,114,0.998028,1.6309e-05,,713.082,,0.2404
689,115,0.998237,0.000208781,,714.24,,0.240142
690,116,0.998306,6.87442e-05,,715.374,,0.23815
691,115,0.998321,1.55623e-05,,716.041,,0.2376
692,115,0.998348,2.67413e-05,,716.974,,0.23735
693,114,0.998363,1.54578e-05,,717.644,,0.2372
694,113,0.998379,1.53279e-05,,718.314,,0.2367
695,112,0.998393,1.47911e-05,,718.989,,0.2346
696,111,0.998408,1.46654e-05,,719.664,,0.2341
697,110,0.998423,1.46404e-05,,720.341,,0.234
698,109,0.998437,1.43177e-05,,721.021,,0.2327
699,108,0.998451,1.4244e-05,,721.701,,0.2324
700,108,0.998479,2.72927e-05,,722.625,,0.2319
701,109,0.998542,6.30211e-05,,723.728,,0.231267
702,108,0.998555,1.32652e-05,,724.415,,0.2283
703,107,0.998568,1.31956e-05,,725.104,,0.228
704,108,0.99869,0.000122107,,726.236,,0.227869
705,109,0.998733,4.28715e-05,,727.424,,0.2265
706,108,0.998746,1.26487e-05,,728.117,,0.2256
707,108,0.998772,2.67745e-05,,729.06,,0.224133
708,107,0.998785,1.23156e-05,,729.756,,0.2241
709,106,0.998796,1.16693e-05,,730.457,,0.2211
710,106,0.998817,2.08302e-05,,731.362,,0.221
711,107,0.998889,7.21671e-05,,732.411,,0.220104
712,107,0.998911,2.12315e-05,,733.341,,0.21785
713,106,0.998922,1.08875e-05,,734.048,,0.2173
714,106,0.998943,2.10783e-05,,734.976,,0.2163
715,107,0.998966,2.3486e-05,,735.903,,0.214675
716,107,0.998987,2.09502e-05,,736.862,,0.2135
717,106,0.998997,9.84493e-06,,737.578,,0.2119
718,105,0.999007,9.77081e-06,,738.296,,0.2115
719,104,0.999016,9.6971e-06,,739.015,,0.2111
720,104,0.999035,1.85977e-05,,739.937,,0.21055
721,105,0.999075,4.0435e-05,,740.961,,0.210325
722,105,0.999092,1.68713e-05,,741.892,,0.2098
723,105,0.999115,2.30864e-05,,742.846,,0.209625
724,104,0.999125,9.24583e-06,,743.57,,0.2086
725,103,0.999134,9.21043e-06,,744.296,,0.2084
726,102,0.999143,9.21043e-06,,745.022,,0.2084
727,101,0.999152,9.06981e-06,,745.75,,0.2076
728,101,0.999169,1.72966e-05,,746.686,,0.20745
729,101,0.999185,1.58096e-05,,747.577,,0.20675
730,100,0.999194,8.91356e-06,,748.307,,0.2067
731,99,0.999203,8.84476e-06,,749.039,,0.2063
732,98,0.999212,8.81051e-06,,749.772,,0.2061
733,99,0.999256,4.42726e-05,,750.887,,0.204192
734,98,0.999264,8.37426e-06,,751.624,,0.2035
735,97,0.999273,8.27594e-06,,752.363,,0.2029
736,96,0.999281,8.14618e-06,,753.103,,0.2021
737,95,0.999289,8.13008e-06,,753.844,,0.202
738,94,0.999297,8.13008e-06,,754.586,,0.202
739,95,0.999334,3.65593e-05,,755.671,,0.201456
740,94,0.999342,7.87553e-06,,756.415,,0.2004
741,93,0.999349,7.81284e-06,,757.161,,0.2
742,92,0.999357,7.61168e-06,,757.908,,0.1987
743,91,0.999365,7.55057e-06,,758.657,,0.1983
744,90,0.999372,7.41442e-06,,759.408,,0.1974
745,91,0.999393,2.15426e-05,,760.451,,0.19715
746,90,0.999401,7.28013e-06,,761.204,,0.1965
747,91,0.999443,4.17874e-05,,762.309,,0.195094
748,91,0.999457,1.47629e-05,,763.269,,0.193267
749,92,0.99949,3.27076e-05,,764.389,,0.19254
750,93,0.999514,2.38646e-05,,765.475,,0.191517
751,93,0.999531,1.67687e-05,,766.429,,0.190725
752,92,0.999537,6.45791e-06,,767.191,,0.1907
753,91,0.999544,6.44437e-06,,767.953,,0.1906
754,90,0.99955,6.29688e-06,,768.717,,0.1895
755,89,0.999556,6.28361e-06,,769.481,,0.1894
756,88,0.999562,6.24389e-06,,770.247,,0.1891
757,87,0.999569,6.11285e-06,,771.014,,0.1881
758,87,0.99958,1.17449e-05,,771.972,,0.18705
759,87,0.999592,1.1434e-05,,772.887,,0.1864
760,86,0.999598,5.83185e-06,,773.658,,0.1859
761,86,0.999608,1.07131e-05,,774.582,,0.184
762,85,0.999614,5.54855e-06,,775.357,,0.1836
763,84,0.999619,5.38124e-06,,776.134,,0.1822
764,84,0.999628,8.85452e-06,,777.115,,0.1813
765,83,0.999633,5.22929e-06,,777.894,,0.1809
766,82,0.999638,5.06928e-06,,778.676,,0.1795
767,81,0.999643,4.92402e-06,,779.46,,0.1782
768,81,0.999655,1.16901e-05,,780.419,,0.1779
769,80,0.99966,4.7711e-06,,781.206,,0.1768
770,79,0.999664,4.7388e-06,,781.993,,0.1765
771,78,0.999669,4.72806e-06,,782.78,,0.1764
772,79,0.999696,2.70968e-05,,783.817,,0.174571
773,80,0.999717,2.10392e-05,,784.845,,0.17415
774,80,0.999725,7.58856e-06,,785.773,,0.17215
775,79,0.999729,4.27369e-06,,786.567,,0.172
776,78,0.999733,4.24395e-06,,787.362,,0.1717
777,79,0.999746,1.27505e-05,,788.419,,0.171625
778,79,0.999755,8.51274e-06,,789.368,,0.1714
779,78,0.999759,4.21437e-06,,790.164,,0.1714
780,77,0.999763,4.18494e-06,,790.962,,0.1711
781,77,0.99977,7.20966e-06,,791.921,,0.16935
782,76,0.999774,3.798e-06,,792.723,,0.167
783,75,0.999778,3.71679e-06,,793.527,,0.1661
784,75,0.999784,6.26501e-06,,794.511,,0.16605
785,74,0.999788,3.6457e-06,,795.317,,0.1653
786,73,0.999791,3.28905e-06,,796.128,,0.1611
787,72,0.999794,3.25651e-06,,796.939,,0.1607
788,71,0.999797,3.14451e-06,,797.753,,0.1593
789,72,0.999808,1.0103e-05,,798.818,,0.15925
790,72,0.999813,5.50164e-06,,799.773,,0.15915
791,72,0.999818,5.44936e-06,,800.738,,0.15895
792,71,0.999822,3.11304e-06,,801.553,,0.1589
793,71,0.999827,5.22585e-06,,802.528,,0.1579
794,71,0.999832,5.16854e-06,,803.503,,0.15745
795,70,0.999835,2.9668e-06,,804.322,,0.157
796,69,0.999838,2.9517e-06,,805.141,,0.1568
797,68,0.999841,2.94419e-06,,805.96,,0.1567
798,69,0.999849,8.5163e-06,,806.973,,0.15615
799,68,0.999852,2.85503e-06,,807.794,,0.1555
800,68,0.999859,7.2168e-06,,808.728,,0.1553
801,67,0.999862,2.81122e-06,,809.551,,0.1549
802,66,0.999865,2.72511e-06,,810.376,,0.1537
803,65,0.999868,2.7039e-06,,811.202,,0.1534
804,64,0.99987,2.66184e-06,,812.028,,0.1528
805,64,0.999875,4.66831e-06,,812.98,,0.1526
806,65,0.999887,1.19206e-05,,814.075,,0.152283
807,65,0.999894,6.94486e-06,,815.04,,0.151175
808,65,0.999898,4.52888e-06,,815.958,,0.1511
809,64,0.999901,2.47863e-06,,816.789,,0.1501
810,64,0.999905,4.49594e-06,,817.743,,0.14985
811,65,0.999912,6.91075e-06,,818.811,,0.14975
812,64,0.999915,2.39387e-06,,819.644,,0.1488
813,63,0.999917,2.36823e-06,,820.478,,0.1484
814,62,0.999919,2.26157e-06,,821.314,,0.1467
815,61,0.999921,2.21264e-06,,822.151,,0.1459
816,61,0.999925,3.88226e-06,,823.075,,0.1454
817,62,0.999933,7.15056e-06,,824.095,,0.145375
818,61,0.999935,2.06484e-06,,824.936,,0.1434
819,60,0.999937,2.05334e-06,,825.777,,0.1432
820,61,0.999949,1.21183e-05,,826.817,,0.143092
821,60,0.999951,1.87586e-06,,827.663,,0.14
822,59,0.999952,1.82284e-06,,828.509,,0.139
823,58,0.999954,1.8176e-06,,829.357,,0.1389
824,57,0.999956,1.78123e-06,,830.205,,0.1382
825,57,0.99996,3.58993e-06,,831.18,,0.137933
826,56,0.999961,1.7607e-06,,832.029,,0.1378
827,55,0.999963,1.72017e-06,,832.88,,0.137
828,54,0.999965,1.70515e-06,,833.731,,0.1367
829,54,0.999968,3.62192e-06,,834.694,,0.131733
830,53,0.99997,1.46013e-06,,835.551,,0.1315
831,52,0.999971,1.24646e-06,,836.414,,0.1264
832,52,0.999974,3.08574e-06,,837.371,,0.1256
833,51,0.999975,1.1213e-06,,838.238,,0.1231
834,50,0.999976,1.04672e-06,,839.107,,0.121
835,50,0.999978,1.91998e-06,,840.064,,0.1202
836,49,0.999979,9.95773e-07,,840.936,,0.1195
837,49,0.999981,1.64522e-06,,841.878,,0.1157
838,49,0.999983,1.83095e-06,,842.857,,0.114733
839,48,0.999984,7.9335e-07,,843.736,,0.1129
840,47,0.999984,7.60154e-07,,844.616,,0.1117
841,46,0.999985,6.40065e-07,,845.502,,0.107
842,45,0.999986,6.25829e-07,,846.388,,0.1064
843,44,0.999986,6.25829e-07,,847.275,,0.1064
844,43,0.999987,6.04921e-07,,848.163,,0.1055
845,42,0.999987,5.93535e-07,,849.052,,0.105
846,41,0.999988,5.348e-07,,849.943,,0.1023
847,40,0.999989,5.32711e-07,,850.835,,0.1022
848,39,0.999989,5.12166e-07,,851.729,,0.1012
849,38,0.99999,4.72864e-07,,852.625,,0.0992
850,38,0.99999,8.07512e-07,,853.59,,0.09825
851,37,0.999991,4.50394e-07,,854.487,,0.098
852,36,0.999991,4.35867e-07,,855.386,,0.0972
853,36,0.999992,9.0394e-07,,856.349,,0.09695
854,35,0.999993,4.30511e-07,,857.248,,0.0969
855,34,0.999993,3.91069e-07,,858.15,,0.0946
856,35,0.999995,2.04549e-06,,859.19,,0.09399
857,34,0.999995,3.5594e-07,,860.094,,0.0924
858,33,0.999996,2.69599e-07,,861.005,,0.0862
859,32,0.999996,2.62171e-07,,861.917,,0.0856
860,31,0.999996,2.57305e-07,,862.829,,0.0852
861,30,0.999996,2.38514e-07,,863.742,,0.0836
862,30,0.999997,4.03321e-07,,864.724,,0.0797
863,29,0.999997,1.83542e-07,,865.643,,0.0783
864,29,0.999997,2.63082e-07,,866.636,,0.0742
865,28,0.999997,1.34909e-07,,867.561,,0.0725
866,29,0.999998,6.14654e-07,,868.579,,0.0721833
867,28,0.999998,1.30498e-07,,869.505,,0.0719
868,27,0.999998,1.29052e-07,,870.432,,0.0717
869,26,0.999998,1.05639e-07,,871.363,,0.0682
870,25,0.999998,1.04406e-07,,872.293,,0.068
871,24,0.999999,9.54939e-08,,873.226,,0.0665
872,23,0.999999,9.37824e-08,,874.159,,0.0662
873,22,0.999999,9.2094e-08,,875.092,,0.0659
874,21,0.999999,9.04282e-08,,876.026,,0.0656
875,20,0.999999,8.93306e-08,,876.96,,0.0654
876,20,0.999999,1.49256e-07,,877.955,,0.0647
877,20,0.999999,1.26693e-07,,878.935,,0.0606
878,20,0.999999,1.11447e-07,,879.921,,0.06
879,20,0.999999,1.16488e-07,,880.902,,0.05985
880,19,0.999999,6.12007e-08,,881.843,,0.0595
881,18,1,5.7189e-08,,882.784,,0.0585
882,17,1,5.41242e-08,,883.727,,0.0577
883,16,1,5.30074e-08,,884.67,,0.0574
884,15,1,5.04686e-08,,885.614,,0.0567
885,14,1,4.90594e-08,,886.558,,0.0563
886,13,1,4.37158e-08,,887.504,,0.0547
887,12,1,3.5429e-08,,888.453,,0.0519
888,11,1,2.72417e-08,,889.405,,0.0486
889,10,1,2.70182e-08,,890.357,,0.0485
890,10,1,4.77121e-08,,891.348,,0.04765
891,9,1,2.42358e-08,,892.301,,0.0472
892,8,1,2.05628e-08,,893.257,,0.0453
893,7,1,1.2376e-08,,894.218,,0.0399
894,6,1,1.2376e-08,,895.179,,0.0399
895,5,1,1.02894e-08,,896.142,,0.0381
896,4,1,6.22364e-09,,897.11,,0.0336
897,3,1,5.8614e-09,,898.078,,0.0331
898,2,1,5.38108e-09,,899.046,,0.0324
899,1,1,4.06179e-09,,900.017,,0.0302
900,0,1,4.90192e-10,,901,,0.0178
